0.146
0.168
0.141
0.177
0.163
0.147
0.173
0.156
0.165
0.189
0.181
0.178
0.179
0.189
0.171
0.196
0.218
0.208
0.194
0.217
0.202
0.221
0.245
0.248
0.247
0.219
0.268
0.25
0.263
0.276
0.286
0.276
0.272
0.302
0.308
0.284
0.339
0.302
0.313
0.337
0.334
0.326
0.337
0.349
0.373
0.378
0.392
0.355
0.367
0.376
0.395
0.4
0.424
0.414
0.421
0.402
0.402
0.399
0.448
0.42
0.434
0.421
0.421
0.442
0.449
0.431
0.419
0.458
0.436
0.441
0.423
0.462
0.441
0.448
0.459
0.464
0.444
0.451
0.444
0.475
0.47
0.46
0.46
0.462
0.468
0.462
0.481
0.444
0.457
0.48
0.463
0.475
0.479
0.475
0.463
0.438
0.433
0.497
0.478
0.503
